Run semi-empirical minimization
 &qmmm
    qm_theory='AM1', grms_tol=0.0005,
 scfconv=1.d-10, ndiis_attempts=700,   qmcharge=0,
 /
   7    N1       12.7860        4.8370       14.7640 
   7    N2       18.0010        6.1610       12.5580 
   6    C1       14.4550        6.2900       13.5020 
   6    C2       14.0120        7.5690       12.9850 
   6    C3       15.7520        5.8330       13.3550 
   6    C4       16.6570        6.5820       12.6270 
   6    C5       14.9880        8.2490       12.1670 
   6    C6       16.2510        7.7840       12.0030 
   6    C7       13.5240        5.5110       14.1940 
   8    O1       12.8910        8.0310       13.2490 
   8    O2       18.7990        6.7860       11.8810 
   8    O3       18.3610        5.1850       13.2200 
   1    H1       16.0790        4.9020       13.7950 
   1    H2       14.6800        9.1770       11.7080 
   1    H3       16.9850        8.3230       11.4220 
   1    H4       13.6900        3.4700       15.4050 

